Frequency	,P1_Tx,P2_Tx,P3_Tx,P4_Tx ,P1_Rx,P2_Rx,P3_Rx,P4_Rx
2400,11.89343,11.89277,0,0,12.53173,12.55407,0,0
2410,11.897,11.91809,0,0,12.49331,12.4833,0,0
2420,11.7722,11.81365,0,0,12.63835,12.6103,0,0
2430,11.89723,11.90905,0,0,12.57815,12.50487,0,0
2440,11.83205,11.83873,0,0,12.70457,12.65315,0,0
2450,11.90285,11.89585,0,0,12.61255,12.57594,0,0
2460,11.83025,11.84466,0,0,12.70254,12.61565,0,0
2470,11.86466,11.89879,0,0,12.63351,12.60044,0,0
2480,11.76698,11.82388,0,0,12.71512,12.67641,0,0
